[Banyak titik]
20
[Bobot sisi]
 3.00000000000000E+0001
 2.00000000000000E+0001
 1.50000000000000E+0001
 2.70000000000000E+0001
 1.40000000000000E+0001
 1.20000000000000E+0001
 2.80000000000000E+0001
 1.80000000000000E+0001
 1.70000000000000E+0001
 1.00000000000000E+0001
 1.90000000000000E+0001
 1.80000000000000E+0001
 7.00000000000000E+0000
 1.50000000000000E+0001
 1.20000000000000E+0001
 9.00000000000000E+0000
 8.00000000000000E+0000
 1.50000000000000E+0001
 1.00000000000000E+0001
 1.00000000000000E+0001
 2.00000000000000E+0001
 1.50000000000000E+0001
 1.00000000000000E+0001
 9.00000000000000E+0000
 1.70000000000000E+0001
 2.30000000000000E+0001
 1.90000000000000E+0001
 2.20000000000000E+0001
 2.20000000000000E+0001
 1.10000000000000E+0001
 1.80000000000000E+0001
 1.30000000000000E+0001
 1.10000000000000E+0001
 1.20000000000000E+0001
 5.60000000000000E+0001
 1.70000000000000E+0001
 9.00000000000000E+0000
 2.50000000000000E+0001
 1.10000000000000E+0001
 2.50000000000000E+0001
 1.10000000000000E+0001
 3.40000000000000E+0001
 2.20000000000000E+0001
 1.00000000000000E+0001
 1.30000000000000E+0001
 8.00000000000000E+0000
 1.30000000000000E+0001
 5.00000000000000E+0000
 2.00000000000000E+0001
 8.00000000000000E+0000
 2.10000000000000E+0001
 2.00000000000000E+0001
 6.00000000000000E+0000
 1.10000000000000E+0001
 3.00000000000000E+0001
 2.20000000000000E+0001
 1.20000000000000E+0001
 2.10000000000000E+0001
 1.10000000000000E+0001
 5.00000000000000E+0000
 1.50000000000000E+0001
 1.20000000000000E+0001
 2.00000000000000E+0001
 2.10000000000000E+0001
 1.70000000000000E+0001
 1.50000000000000E+0001
 8.00000000000000E+0000
 9.00000000000000E+0000
 1.40000000000000E+0001
 2.20000000000000E+0001
 1.40000000000000E+0001
 2.00000000000000E+0001
 1.90000000000000E+0001
 1.10000000000000E+0001
 1.00000000000000E+0001
 2.70000000000000E+0001
 9.00000000000000E+0000
 1.70000000000000E+0001
 3.40000000000000E+0001
 2.10000000000000E+0001
 1.10000000000000E+0001
 6.00000000000000E+0000
 1.90000000000000E+0001
 8.00000000000000E+0000
 1.80000000000000E+0001
 2.70000000000000E+0001
 1.70000000000000E+0001
 7.00000000000000E+0000
 1.90000000000000E+0001
 1.20000000000000E+0001
 1.10000000000000E+0001
 1.90000000000000E+0001
 9.00000000000000E+0000
 2.00000000000000E+0001
 9.00000000000000E+0000
 2.10000000000000E+0001
 1.20000000000000E+0001
 1.00000000000000E+0001
 2.30000000000000E+0001
 1.00000000000000E+0001
 1.80000000000000E+0001
 7.00000000000000E+0000
 1.20000000000000E+0001
 1.90000000000000E+0001
 2.00000000000000E+0001
 1.10000000000000E+0001
 1.30000000000000E+0001
 9.00000000000000E+0000
 2.00000000000000E+0001
 2.20000000000000E+0001
 1.40000000000000E+0001
 8.00000000000000E+0000
 1.50000000000000E+0001
 8.00000000000000E+0000
 1.40000000000000E+0001
 2.00000000000000E+0001
 9.00000000000000E+0000
 1.70000000000000E+0001
 9.00000000000000E+0000
 1.80000000000000E+0001
 7.00000000000000E+0000
 1.20000000000000E+0001
 2.20000000000000E+0001
 2.10000000000000E+0001
 1.00000000000000E+0001
 1.00000000000000E+0001
 1.90000000000000E+0001
 2.10000000000000E+0001
 1.10000000000000E+0001
 9.00000000000000E+0000
 1.70000000000000E+0001
 8.00000000000000E+0000
 1.40000000000000E+0001
 2.10000000000000E+0001
 2.10000000000000E+0001
 6.00000000000000E+0000
 2.00000000000000E+0001
 1.50000000000000E+0001
 8.00000000000000E+0000
 1.70000000000000E+0001
 8.00000000000000E+0000
 1.10000000000000E+0001
 1.00000000000000E+0001
 1.50000000000000E+0001
 9.00000000000000E+0000
 1.90000000000000E+0001
 2.30000000000000E+0001
 9.00000000000000E+0000
 2.90000000000000E+0001
 2.00000000000000E+0001
 1.60000000000000E+0001
 1.60000000000000E+0001
 1.10000000000000E+0001
 1.00000000000000E+0001
 1.10000000000000E+0001
 1.40000000000000E+0001
 2.90000000000000E+0001
 1.20000000000000E+0001
 1.60000000000000E+0001
 9.00000000000000E+0000
 1.40000000000000E+0001
 1.90000000000000E+0001
 3.80000000000000E+0001
 1.90000000000000E+0001
 8.00000000000000E+0000
 1.50000000000000E+0001
 1.40000000000000E+0001
 1.00000000000000E+0001
 5.00000000000000E+0000
 9.00000000000000E+0000
 1.80000000000000E+0001
 2.00000000000000E+0001
 6.00000000000000E+0000
 2.30000000000000E+0001
 1.70000000000000E+0001
 2.30000000000000E+0001
 6.70000000000000E+0001
 1.00000000000000E+0001
 1.60000000000000E+0001
 1.90000000000000E+0001
 1.20000000000000E+0001
 7.00000000000000E+0000
 2.40000000000000E+0001
 2.00000000000000E+0001
 2.00000000000000E+0001
 5.00000000000000E+0000
 7.00000000000000E+0000
 2.10000000000000E+0001
 2.70000000000000E+0001
 1.00000000000000E+0001
[alfa]
 1.00000000000000E+0000
[beta]
 2.00000000000000E+0000
[Posisi titik]
64 69
123 54
46 119
105 120
61 179
180 45
157 121
242 51
220 120
168 186
297 69
355 46
356 118
295 155
359 200
261 226
198 261
113 253
339 279
439 151
70 34990472
