[Banyak titik]
60
[Bobot sisi]
 1.20000000000000E+0002
 7.15000000000000E+0001
 0.00000000000000E+0000
 0.00000000000000E+0000
 0.00000000000000E+0000
 0.00000000000000E+0000
 0.00000000000000E+0000
 0.00000000000000E+0000
 0.00000000000000E+0000
 0.00000000000000E+0000
 0.00000000000000E+0000
 0.00000000000000E+0000
 0.00000000000000E+0000
 0.00000000000000E+0000
 0.00000000000000E+0000
 0.00000000000000E+0000
 0.00000000000000E+0000
 0.00000000000000E+0000
 0.00000000000000E+0000
 0.00000000000000E+0000
 0.00000000000000E+0000
 0.00000000000000E+0000
 0.00000000000000E+0000
 0.00000000000000E+0000
 0.00000000000000E+0000
 0.00000000000000E+0000
 0.00000000000000E+0000
 0.00000000000000E+0000
 0.00000000000000E+0000
 0.00000000000000E+0000
 0.00000000000000E+0000
 0.00000000000000E+0000
 0.00000000000000E+0000
 0.00000000000000E+0000
 0.00000000000000E+0000
 0.00000000000000E+0000
 0.00000000000000E+0000
 0.00000000000000E+0000
 0.00000000000000E+0000
 0.00000000000000E+0000
 0.00000000000000E+0000
 0.00000000000000E+0000
 0.00000000000000E+0000
 0.00000000000000E+0000
 0.00000000000000E+0000
 0.00000000000000E+0000
 0.00000000000000E+0000
 0.00000000000000E+0000
 0.00000000000000E+0000
 0.00000000000000E+0000
 0.00000000000000E+0000
 0.00000000000000E+0000
 0.00000000000000E+0000
 0.00000000000000E+0000
 0.00000000000000E+0000
 0.00000000000000E+0000
 0.00000000000000E+0000
 0.00000000000000E+0000
 0.00000000000000E+0000
 0.00000000000000E+0000
 1.21000000000000E+0002
 0.00000000000000E+0000
 0.00000000000000E+0000
 9.10000000000000E+0001
 0.00000000000000E+0000
 0.00000000000000E+0000
 0.00000000000000E+0000
 0.00000000000000E+0000
 0.00000000000000E+0000
 0.00000000000000E+0000
 0.00000000000000E+0000
 0.00000000000000E+0000
 0.00000000000000E+0000
 0.00000000000000E+0000
 0.00000000000000E+0000
 0.00000000000000E+0000
 0.00000000000000E+0000
 0.00000000000000E+0000
 0.00000000000000E+0000
 0.00000000000000E+0000
 0.00000000000000E+0000
 0.00000000000000E+0000
 0.00000000000000E+0000
 0.00000000000000E+0000
 0.00000000000000E+0000
 0.00000000000000E+0000
 0.00000000000000E+0000
 0.00000000000000E+0000
 0.00000000000000E+0000
 0.00000000000000E+0000
 0.00000000000000E+0000
 0.00000000000000E+0000
 0.00000000000000E+0000
 0.00000000000000E+0000
 0.00000000000000E+0000
 0.00000000000000E+0000
 0.00000000000000E+0000
 0.00000000000000E+0000
 0.00000000000000E+0000
 0.00000000000000E+0000
 0.00000000000000E+0000
 0.00000000000000E+0000
 0.00000000000000E+0000
 0.00000000000000E+0000
 0.00000000000000E+0000
 0.00000000000000E+0000
 0.00000000000000E+0000
 0.00000000000000E+0000
 0.00000000000000E+0000
 0.00000000000000E+0000
 0.00000000000000E+0000
 0.00000000000000E+0000
 0.00000000000000E+0000
 0.00000000000000E+0000
 0.00000000000000E+0000
 0.00000000000000E+0000
 0.00000000000000E+0000
 0.00000000000000E+0000
 4.00000000000000E+0001
 0.00000000000000E+0000
 0.00000000000000E+0000
 0.00000000000000E+0000
 0.00000000000000E+0000
 0.00000000000000E+0000
 0.00000000000000E+0000
 0.00000000000000E+0000
 0.00000000000000E+0000
 0.00000000000000E+0000
 0.00000000000000E+0000
 0.00000000000000E+0000
 0.00000000000000E+0000
 0.00000000000000E+0000
 0.00000000000000E+0000
 0.00000000000000E+0000
 0.00000000000000E+0000
 0.00000000000000E+0000
 0.00000000000000E+0000
 0.00000000000000E+0000
 0.00000000000000E+0000
 0.00000000000000E+0000
 0.00000000000000E+0000
 0.00000000000000E+0000
 0.00000000000000E+0000
 0.00000000000000E+0000
 0.00000000000000E+0000
 1.60500000000000E+0002
 0.00000000000000E+0000
 0.00000000000000E+0000
 0.00000000000000E+0000
 0.00000000000000E+0000
 0.00000000000000E+0000
 0.00000000000000E+0000
 0.00000000000000E+0000
 0.00000000000000E+0000
 0.00000000000000E+0000
 0.00000000000000E+0000
 0.00000000000000E+0000
 0.00000000000000E+0000
 0.00000000000000E+0000
 0.00000000000000E+0000
 0.00000000000000E+0000
 0.00000000000000E+0000
 0.00000000000000E+0000
 0.00000000000000E+0000
 0.00000000000000E+0000
 0.00000000000000E+0000
 0.00000000000000E+0000
 0.00000000000000E+0000
 0.00000000000000E+0000
 0.00000000000000E+0000
 0.00000000000000E+0000
 0.00000000000000E+0000
 0.00000000000000E+0000
 0.00000000000000E+0000
 0.00000000000000E+0000
 0.00000000000000E+0000
 0.00000000000000E+0000
 0.00000000000000E+0000
 0.00000000000000E+0000
 0.00000000000000E+0000
 0.00000000000000E+0000
 0.00000000000000E+0000
 0.00000000000000E+0000
 0.00000000000000E+0000
 0.00000000000000E+0000
 0.00000000000000E+0000
 0.00000000000000E+0000
 0.00000000000000E+0000
 0.00000000000000E+0000
 0.00000000000000E+0000
 0.00000000000000E+0000
 0.00000000000000E+0000
 0.00000000000000E+0000
 0.00000000000000E+0000
 0.00000000000000E+0000
 0.00000000000000E+0000
 0.00000000000000E+0000
 0.00000000000000E+0000
 0.00000000000000E+0000
 0.00000000000000E+0000
 0.00000000000000E+0000
 0.00000000000000E+0000
 0.00000000000000E+0000
 0.00000000000000E+0000
 0.00000000000000E+0000
 0.00000000000000E+0000
 0.00000000000000E+0000
 0.00000000000000E+0000
 0.00000000000000E+0000
 0.00000000000000E+0000
 0.00000000000000E+0000
 0.00000000000000E+0000
 0.00000000000000E+0000
 0.00000000000000E+0000
 0.00000000000000E+0000
 0.00000000000000E+0000
 0.00000000000000E+0000
 0.00000000000000E+0000
 0.00000000000000E+0000
 0.00000000000000E+0000
 0.00000000000000E+0000
 0.00000000000000E+0000
 0.00000000000000E+0000
 0.00000000000000E+0000
 0.00000000000000E+0000
 0.00000000000000E+0000
 0.00000000000000E+0000
 0.00000000000000E+0000
 0.00000000000000E+0000
 0.00000000000000E+0000
 0.00000000000000E+0000
 0.00000000000000E+0000
 0.00000000000000E+0000
 0.00000000000000E+0000
 0.00000000000000E+0000
 0.00000000000000E+0000
 0.00000000000000E+0000
 0.00000000000000E+0000
 0.00000000000000E+0000
 0.00000000000000E+0000
 0.00000000000000E+0000
 0.00000000000000E+0000
 0.00000000000000E+0000
 0.00000000000000E+0000
 0.00000000000000E+0000
 0.00000000000000E+0000
 0.00000000000000E+0000
 0.00000000000000E+0000
 0.00000000000000E+0000
 0.00000000000000E+0000
 0.00000000000000E+0000
 0.00000000000000E+0000
 0.00000000000000E+0000
 0.00000000000000E+0000
 0.00000000000000E+0000
 0.00000000000000E+0000
 0.00000000000000E+0000
 0.00000000000000E+0000
 0.00000000000000E+0000
 0.00000000000000E+0000
 0.00000000000000E+0000
 0.00000000000000E+0000
 0.00000000000000E+0000
 0.00000000000000E+0000
 0.00000000000000E+0000
 0.00000000000000E+0000
 0.00000000000000E+0000
 0.00000000000000E+0000
 0.00000000000000E+0000
 0.00000000000000E+0000
 0.00000000000000E+0000
 0.00000000000000E+0000
 0.00000000000000E+0000
 0.00000000000000E+0000
 0.00000000000000E+0000
 0.00000000000000E+0000
 0.00000000000000E+0000
 0.00000000000000E+0000
 0.00000000000000E+0000
 0.00000000000000E+0000
 0.00000000000000E+0000
 0.00000000000000E+0000
 0.00000000000000E+0000
 0.00000000000000E+0000
 0.00000000000000E+0000
 0.00000000000000E+0000
 8.55000000000000E+0001
 0.00000000000000E+0000
 0.00000000000000E+0000
 0.00000000000000E+0000
 0.00000000000000E+0000
 0.00000000000000E+0000
 0.00000000000000E+0000
 0.00000000000000E+0000
 0.00000000000000E+0000
 0.00000000000000E+0000
 0.00000000000000E+0000
 0.00000000000000E+0000
 0.00000000000000E+0000
 0.00000000000000E+0000
 0.00000000000000E+0000
 0.00000000000000E+0000
 0.00000000000000E+0000
 0.00000000000000E+0000
 0.00000000000000E+0000
 0.00000000000000E+0000
 0.00000000000000E+0000
 0.00000000000000E+0000
 0.00000000000000E+0000
 0.00000000000000E+0000
 0.00000000000000E+0000
 0.00000000000000E+0000
 0.00000000000000E+0000
 0.00000000000000E+0000
 0.00000000000000E+0000
 0.00000000000000E+0000
 0.00000000000000E+0000
 0.00000000000000E+0000
 0.00000000000000E+0000
 0.00000000000000E+0000
 0.00000000000000E+0000
 0.00000000000000E+0000
 0.00000000000000E+0000
 0.00000000000000E+0000
 0.00000000000000E+0000
 0.00000000000000E+0000
 0.00000000000000E+0000
 0.00000000000000E+0000
 0.00000000000000E+0000
 0.00000000000000E+0000
 0.00000000000000E+0000
 0.00000000000000E+0000
 0.00000000000000E+0000
 0.00000000000000E+0000
 0.00000000000000E+0000
 0.00000000000000E+0000
 0.00000000000000E+0000
 0.00000000000000E+0000
 0.00000000000000E+0000
 1.58000000000000E+0002
 0.00000000000000E+0000
 0.00000000000000E+0000
 1.45000000000000E+0002
 0.00000000000000E+0000
 0.00000000000000E+0000
 0.00000000000000E+0000
 0.00000000000000E+0000
 0.00000000000000E+0000
 0.00000000000000E+0000
 0.00000000000000E+0000
 0.00000000000000E+0000
 0.00000000000000E+0000
 0.00000000000000E+0000
 0.00000000000000E+0000
 0.00000000000000E+0000
 0.00000000000000E+0000
 0.00000000000000E+0000
 0.00000000000000E+0000
 0.00000000000000E+0000
 0.00000000000000E+0000
 0.00000000000000E+0000
 0.00000000000000E+0000
 0.00000000000000E+0000
 0.00000000000000E+0000
 0.00000000000000E+0000
 0.00000000000000E+0000
 0.00000000000000E+0000
 0.00000000000000E+0000
 0.00000000000000E+0000
 0.00000000000000E+0000
 0.00000000000000E+0000
 0.00000000000000E+0000
 0.00000000000000E+0000
 0.00000000000000E+0000
 0.00000000000000E+0000
 0.00000000000000E+0000
 0.00000000000000E+0000
 0.00000000000000E+0000
 0.00000000000000E+0000
 0.00000000000000E+0000
 0.00000000000000E+0000
 0.00000000000000E+0000
 0.00000000000000E+0000
 0.00000000000000E+0000
 0.00000000000000E+0000
 0.00000000000000E+0000
 0.00000000000000E+0000
 0.00000000000000E+0000
 0.00000000000000E+0000
 0.00000000000000E+0000
 0.00000000000000E+0000
 0.00000000000000E+0000
 0.00000000000000E+0000
 0.00000000000000E+0000
 0.00000000000000E+0000
 0.00000000000000E+0000
 0.00000000000000E+0000
 0.00000000000000E+0000
 0.00000000000000E+0000
 1.33000000000000E+0002
 0.00000000000000E+0000
 0.00000000000000E+0000
 0.00000000000000E+0000
 0.00000000000000E+0000
 0.00000000000000E+0000
 0.00000000000000E+0000
 0.00000000000000E+0000
 1.10000000000000E+0002
 0.00000000000000E+0000
 0.00000000000000E+0000
 0.00000000000000E+0000
 0.00000000000000E+0000
 0.00000000000000E+0000
 0.00000000000000E+0000
 0.00000000000000E+0000
 0.00000000000000E+0000
 0.00000000000000E+0000
 0.00000000000000E+0000
 0.00000000000000E+0000
 0.00000000000000E+0000
 0.00000000000000E+0000
 0.00000000000000E+0000
 0.00000000000000E+0000
 0.00000000000000E+0000
 0.00000000000000E+0000
 0.00000000000000E+0000
 0.00000000000000E+0000
 0.00000000000000E+0000
 0.00000000000000E+0000
 0.00000000000000E+0000
 0.00000000000000E+0000
 0.00000000000000E+0000
 0.00000000000000E+0000
 0.00000000000000E+0000
 0.00000000000000E+0000
 0.00000000000000E+0000
 0.00000000000000E+0000
 0.00000000000000E+0000
 0.00000000000000E+0000
 0.00000000000000E+0000
 0.00000000000000E+0000
 0.00000000000000E+0000
 0.00000000000000E+0000
 0.00000000000000E+0000
 4.50000000000000E+0001
 1.30000000000000E+0002
 0.00000000000000E+0000
 0.00000000000000E+0000
 0.00000000000000E+0000
 1.66500000000000E+0002
 6.90000000000000E+0001
 0.00000000000000E+0000
 0.00000000000000E+0000
 0.00000000000000E+0000
 0.00000000000000E+0000
 0.00000000000000E+0000
 0.00000000000000E+0000
 0.00000000000000E+0000
 0.00000000000000E+0000
 0.00000000000000E+0000
 0.00000000000000E+0000
 0.00000000000000E+0000
 0.00000000000000E+0000
 0.00000000000000E+0000
 0.00000000000000E+0000
 0.00000000000000E+0000
 0.00000000000000E+0000
 0.00000000000000E+0000
 0.00000000000000E+0000
 0.00000000000000E+0000
 0.00000000000000E+0000
 0.00000000000000E+0000
 0.00000000000000E+0000
 0.00000000000000E+0000
 0.00000000000000E+0000
 0.00000000000000E+0000
 0.00000000000000E+0000
 0.00000000000000E+0000
 0.00000000000000E+0000
 0.00000000000000E+0000
 0.00000000000000E+0000
 0.00000000000000E+0000
 0.00000000000000E+0000
 0.00000000000000E+0000
 0.00000000000000E+0000
 0.00000000000000E+0000
 0.00000000000000E+0000
 0.00000000000000E+0000
 0.00000000000000E+0000
 0.00000000000000E+0000
 0.00000000000000E+0000
 0.00000000000000E+0000
 0.00000000000000E+0000
 0.00000000000000E+0000
 0.00000000000000E+0000
 0.00000000000000E+0000
 0.00000000000000E+0000
 0.00000000000000E+0000
 0.00000000000000E+0000
 0.00000000000000E+0000
 0.00000000000000E+0000
 0.00000000000000E+0000
 0.00000000000000E+0000
 0.00000000000000E+0000
 0.00000000000000E+0000
 0.00000000000000E+0000
 0.00000000000000E+0000
 0.00000000000000E+0000
 0.00000000000000E+0000
 0.00000000000000E+0000
 0.00000000000000E+0000
 0.00000000000000E+0000
 0.00000000000000E+0000
 0.00000000000000E+0000
 0.00000000000000E+0000
 0.00000000000000E+0000
 0.00000000000000E+0000
 0.00000000000000E+0000
 0.00000000000000E+0000
 0.00000000000000E+0000
 0.00000000000000E+0000
 0.00000000000000E+0000
 0.00000000000000E+0000
 0.00000000000000E+0000
 0.00000000000000E+0000
 0.00000000000000E+0000
 0.00000000000000E+0000
 0.00000000000000E+0000
 0.00000000000000E+0000
 0.00000000000000E+0000
 0.00000000000000E+0000
 0.00000000000000E+0000
 0.00000000000000E+0000
 0.00000000000000E+0000
 0.00000000000000E+0000
 0.00000000000000E+0000
 0.00000000000000E+0000
 0.00000000000000E+0000
 0.00000000000000E+0000
 0.00000000000000E+0000
 0.00000000000000E+0000
 0.00000000000000E+0000
 0.00000000000000E+0000
 0.00000000000000E+0000
 0.00000000000000E+0000
 2.75000000000000E+0002
 0.00000000000000E+0000
 0.00000000000000E+0000
 0.00000000000000E+0000
 0.00000000000000E+0000
 0.00000000000000E+0000
 0.00000000000000E+0000
 0.00000000000000E+0000
 0.00000000000000E+0000
 0.00000000000000E+0000
 0.00000000000000E+0000
 0.00000000000000E+0000
 0.00000000000000E+0000
 0.00000000000000E+0000
 0.00000000000000E+0000
 0.00000000000000E+0000
 0.00000000000000E+0000
 0.00000000000000E+0000
 0.00000000000000E+0000
 0.00000000000000E+0000
 0.00000000000000E+0000
 0.00000000000000E+0000
 0.00000000000000E+0000
 0.00000000000000E+0000
 0.00000000000000E+0000
 0.00000000000000E+0000
 0.00000000000000E+0000
 0.00000000000000E+0000
 0.00000000000000E+0000
 0.00000000000000E+0000
 0.00000000000000E+0000
 0.00000000000000E+0000
 0.00000000000000E+0000
 0.00000000000000E+0000
 0.00000000000000E+0000
 0.00000000000000E+0000
 0.00000000000000E+0000
 0.00000000000000E+0000
 0.00000000000000E+0000
 0.00000000000000E+0000
 0.00000000000000E+0000
 0.00000000000000E+0000
 0.00000000000000E+0000
 0.00000000000000E+0000
 0.00000000000000E+0000
 0.00000000000000E+0000
 0.00000000000000E+0000
 0.00000000000000E+0000
 0.00000000000000E+0000
 1.31000000000000E+0002
 0.00000000000000E+0000
 0.00000000000000E+0000
 0.00000000000000E+0000
 0.00000000000000E+0000
 0.00000000000000E+0000
 0.00000000000000E+0000
 0.00000000000000E+0000
 0.00000000000000E+0000
 0.00000000000000E+0000
 0.00000000000000E+0000
 0.00000000000000E+0000
 0.00000000000000E+0000
 0.00000000000000E+0000
 0.00000000000000E+0000
 0.00000000000000E+0000
 0.00000000000000E+0000
 0.00000000000000E+0000
 0.00000000000000E+0000
 0.00000000000000E+0000
 0.00000000000000E+0000
 0.00000000000000E+0000
 0.00000000000000E+0000
 0.00000000000000E+0000
 0.00000000000000E+0000
 0.00000000000000E+0000
 0.00000000000000E+0000
 0.00000000000000E+0000
 0.00000000000000E+0000
 0.00000000000000E+0000
 0.00000000000000E+0000
 0.00000000000000E+0000
 0.00000000000000E+0000
 0.00000000000000E+0000
 0.00000000000000E+0000
 0.00000000000000E+0000
 0.00000000000000E+0000
 0.00000000000000E+0000
 0.00000000000000E+0000
 0.00000000000000E+0000
 0.00000000000000E+0000
 0.00000000000000E+0000
 0.00000000000000E+0000
 0.00000000000000E+0000
 0.00000000000000E+0000
 0.00000000000000E+0000
 0.00000000000000E+0000
 0.00000000000000E+0000
 1.30500000000000E+0002
 1.92000000000000E+0002
 0.00000000000000E+0000
 0.00000000000000E+0000
 0.00000000000000E+0000
 0.00000000000000E+0000
 0.00000000000000E+0000
 0.00000000000000E+0000
 0.00000000000000E+0000
 0.00000000000000E+0000
 0.00000000000000E+0000
 0.00000000000000E+0000
 0.00000000000000E+0000
 0.00000000000000E+0000
 0.00000000000000E+0000
 0.00000000000000E+0000
 0.00000000000000E+0000
 0.00000000000000E+0000
 0.00000000000000E+0000
 0.00000000000000E+0000
 0.00000000000000E+0000
 0.00000000000000E+0000
 0.00000000000000E+0000
 0.00000000000000E+0000
 0.00000000000000E+0000
 0.00000000000000E+0000
 0.00000000000000E+0000
 0.00000000000000E+0000
 0.00000000000000E+0000
 0.00000000000000E+0000
 0.00000000000000E+0000
 0.00000000000000E+0000
 0.00000000000000E+0000
 0.00000000000000E+0000
 0.00000000000000E+0000
 0.00000000000000E+0000
 0.00000000000000E+0000
 0.00000000000000E+0000
 0.00000000000000E+0000
 0.00000000000000E+0000
 0.00000000000000E+0000
 0.00000000000000E+0000
 0.00000000000000E+0000
 0.00000000000000E+0000
 0.00000000000000E+0000
 0.00000000000000E+0000
 0.00000000000000E+0000
 0.00000000000000E+0000
 0.00000000000000E+0000
 0.00000000000000E+0000
 0.00000000000000E+0000
 0.00000000000000E+0000
 0.00000000000000E+0000
 0.00000000000000E+0000
 0.00000000000000E+0000
 0.00000000000000E+0000
 0.00000000000000E+0000
 0.00000000000000E+0000
 0.00000000000000E+0000
 0.00000000000000E+0000
 0.00000000000000E+0000
 0.00000000000000E+0000
 0.00000000000000E+0000
 0.00000000000000E+0000
 0.00000000000000E+0000
 0.00000000000000E+0000
 0.00000000000000E+0000
 0.00000000000000E+0000
 0.00000000000000E+0000
 0.00000000000000E+0000
 0.00000000000000E+0000
 0.00000000000000E+0000
 0.00000000000000E+0000
 0.00000000000000E+0000
 0.00000000000000E+0000
 0.00000000000000E+0000
 0.00000000000000E+0000
 0.00000000000000E+0000
 0.00000000000000E+0000
 0.00000000000000E+0000
 0.00000000000000E+0000
 0.00000000000000E+0000
 0.00000000000000E+0000
 0.00000000000000E+0000
 0.00000000000000E+0000
 0.00000000000000E+0000
 0.00000000000000E+0000
 0.00000000000000E+0000
 0.00000000000000E+0000
 0.00000000000000E+0000
 0.00000000000000E+0000
 0.00000000000000E+0000
 0.00000000000000E+0000
 0.00000000000000E+0000
 0.00000000000000E+0000
 0.00000000000000E+0000
 0.00000000000000E+0000
 0.00000000000000E+0000
 0.00000000000000E+0000
 0.00000000000000E+0000
 0.00000000000000E+0000
 0.00000000000000E+0000
 0.00000000000000E+0000
 0.00000000000000E+0000
 0.00000000000000E+0000
 0.00000000000000E+0000
 0.00000000000000E+0000
 0.00000000000000E+0000
 0.00000000000000E+0000
 0.00000000000000E+0000
 0.00000000000000E+0000
 0.00000000000000E+0000
 0.00000000000000E+0000
 0.00000000000000E+0000
 0.00000000000000E+0000
 0.00000000000000E+0000
 0.00000000000000E+0000
 0.00000000000000E+0000
 0.00000000000000E+0000
 0.00000000000000E+0000
 0.00000000000000E+0000
 0.00000000000000E+0000
 0.00000000000000E+0000
 0.00000000000000E+0000
 0.00000000000000E+0000
 0.00000000000000E+0000
 0.00000000000000E+0000
 0.00000000000000E+0000
 0.00000000000000E+0000
 0.00000000000000E+0000
 0.00000000000000E+0000
 0.00000000000000E+0000
 0.00000000000000E+0000
 0.00000000000000E+0000
 0.00000000000000E+0000
 0.00000000000000E+0000
 0.00000000000000E+0000
 0.00000000000000E+0000
 0.00000000000000E+0000
 5.10000000000000E+0001
 0.00000000000000E+0000
 0.00000000000000E+0000
 0.00000000000000E+0000
 0.00000000000000E+0000
 0.00000000000000E+0000
 0.00000000000000E+0000
 0.00000000000000E+0000
 0.00000000000000E+0000
 0.00000000000000E+0000
 0.00000000000000E+0000
 0.00000000000000E+0000
 0.00000000000000E+0000
 0.00000000000000E+0000
 0.00000000000000E+0000
 0.00000000000000E+0000
 0.00000000000000E+0000
 0.00000000000000E+0000
 0.00000000000000E+0000
 0.00000000000000E+0000
 0.00000000000000E+0000
 0.00000000000000E+0000
 0.00000000000000E+0000
 0.00000000000000E+0000
 0.00000000000000E+0000
 0.00000000000000E+0000
 0.00000000000000E+0000
 0.00000000000000E+0000
 0.00000000000000E+0000
 0.00000000000000E+0000
 0.00000000000000E+0000
 0.00000000000000E+0000
 0.00000000000000E+0000
 0.00000000000000E+0000
 0.00000000000000E+0000
 0.00000000000000E+0000
 0.00000000000000E+0000
 0.00000000000000E+0000
 0.00000000000000E+0000
 0.00000000000000E+0000
 0.00000000000000E+0000
 0.00000000000000E+0000
 0.00000000000000E+0000
 0.00000000000000E+0000
 0.00000000000000E+0000
 0.00000000000000E+0000
 0.00000000000000E+0000
 1.14000000000000E+0002
 0.00000000000000E+0000
 0.00000000000000E+0000
 0.00000000000000E+0000
 0.00000000000000E+0000
 0.00000000000000E+0000
 0.00000000000000E+0000
 0.00000000000000E+0000
 0.00000000000000E+0000
 0.00000000000000E+0000
 0.00000000000000E+0000
 0.00000000000000E+0000
 0.00000000000000E+0000
 0.00000000000000E+0000
 0.00000000000000E+0000
 0.00000000000000E+0000
 0.00000000000000E+0000
 0.00000000000000E+0000
 0.00000000000000E+0000
 0.00000000000000E+0000
 0.00000000000000E+0000
 0.00000000000000E+0000
 0.00000000000000E+0000
 0.00000000000000E+0000
 0.00000000000000E+0000
 0.00000000000000E+0000
 0.00000000000000E+0000
 0.00000000000000E+0000
 0.00000000000000E+0000
 0.00000000000000E+0000
 0.00000000000000E+0000
 0.00000000000000E+0000
 0.00000000000000E+0000
 0.00000000000000E+0000
 0.00000000000000E+0000
 0.00000000000000E+0000
 0.00000000000000E+0000
 0.00000000000000E+0000
 0.00000000000000E+0000
 7.00000000000000E+0001
 6.30000000000000E+0001
 0.00000000000000E+0000
 0.00000000000000E+0000
 0.00000000000000E+0000
 0.00000000000000E+0000
 0.00000000000000E+0000
 0.00000000000000E+0000
 0.00000000000000E+0000
 0.00000000000000E+0000
 0.00000000000000E+0000
 0.00000000000000E+0000
 0.00000000000000E+0000
 0.00000000000000E+0000
 0.00000000000000E+0000
 0.00000000000000E+0000
 0.00000000000000E+0000
 0.00000000000000E+0000
 0.00000000000000E+0000
 0.00000000000000E+0000
 0.00000000000000E+0000
 0.00000000000000E+0000
 0.00000000000000E+0000
 0.00000000000000E+0000
 0.00000000000000E+0000
 0.00000000000000E+0000
 0.00000000000000E+0000
 0.00000000000000E+0000
 0.00000000000000E+0000
 0.00000000000000E+0000
 0.00000000000000E+0000
 0.00000000000000E+0000
 0.00000000000000E+0000
 0.00000000000000E+0000
 0.00000000000000E+0000
 0.00000000000000E+0000
 0.00000000000000E+0000
 0.00000000000000E+0000
 0.00000000000000E+0000
 0.00000000000000E+0000
 0.00000000000000E+0000
 0.00000000000000E+0000
 0.00000000000000E+0000
 0.00000000000000E+0000
 0.00000000000000E+0000
 0.00000000000000E+0000
 0.00000000000000E+0000
 0.00000000000000E+0000
 0.00000000000000E+0000
 0.00000000000000E+0000
 0.00000000000000E+0000
 0.00000000000000E+0000
 0.00000000000000E+0000
 0.00000000000000E+0000
 0.00000000000000E+0000
 0.00000000000000E+0000
 0.00000000000000E+0000
 0.00000000000000E+0000
 0.00000000000000E+0000
 0.00000000000000E+0000
 0.00000000000000E+0000
 0.00000000000000E+0000
 0.00000000000000E+0000
 0.00000000000000E+0000
 0.00000000000000E+0000
 0.00000000000000E+0000
 0.00000000000000E+0000
 0.00000000000000E+0000
 0.00000000000000E+0000
 0.00000000000000E+0000
 0.00000000000000E+0000
 0.00000000000000E+0000
 0.00000000000000E+0000
 0.00000000000000E+0000
 0.00000000000000E+0000
 0.00000000000000E+0000
 0.00000000000000E+0000
 0.00000000000000E+0000
 0.00000000000000E+0000
 0.00000000000000E+0000
 0.00000000000000E+0000
 0.00000000000000E+0000
 0.00000000000000E+0000
 5.20000000000000E+0001
 0.00000000000000E+0000
 2.00000000000000E+0001
 0.00000000000000E+0000
 0.00000000000000E+0000
 0.00000000000000E+0000
 0.00000000000000E+0000
 0.00000000000000E+0000
 0.00000000000000E+0000
 0.00000000000000E+0000
 0.00000000000000E+0000
 0.00000000000000E+0000
 0.00000000000000E+0000
 0.00000000000000E+0000
 0.00000000000000E+0000
 0.00000000000000E+0000
 0.00000000000000E+0000
 0.00000000000000E+0000
 0.00000000000000E+0000
 0.00000000000000E+0000
 0.00000000000000E+0000
 0.00000000000000E+0000
 0.00000000000000E+0000
 0.00000000000000E+0000
 0.00000000000000E+0000
 0.00000000000000E+0000
 0.00000000000000E+0000
 0.00000000000000E+0000
 0.00000000000000E+0000
 0.00000000000000E+0000
 0.00000000000000E+0000
 0.00000000000000E+0000
 0.00000000000000E+0000
 0.00000000000000E+0000
 0.00000000000000E+0000
 0.00000000000000E+0000
 0.00000000000000E+0000
 0.00000000000000E+0000
 0.00000000000000E+0000
 0.00000000000000E+0000
 0.00000000000000E+0000
 0.00000000000000E+0000
 0.00000000000000E+0000
 0.00000000000000E+0000
 0.00000000000000E+0000
 0.00000000000000E+0000
 0.00000000000000E+0000
 0.00000000000000E+0000
 0.00000000000000E+0000
 0.00000000000000E+0000
 0.00000000000000E+0000
 0.00000000000000E+0000
 0.00000000000000E+0000
 0.00000000000000E+0000
 0.00000000000000E+0000
 0.00000000000000E+0000
 0.00000000000000E+0000
 0.00000000000000E+0000
 0.00000000000000E+0000
 0.00000000000000E+0000
 0.00000000000000E+0000
 0.00000000000000E+0000
 0.00000000000000E+0000
 0.00000000000000E+0000
 0.00000000000000E+0000
 0.00000000000000E+0000
 0.00000000000000E+0000
 0.00000000000000E+0000
 0.00000000000000E+0000
 0.00000000000000E+0000
 0.00000000000000E+0000
 0.00000000000000E+0000
 0.00000000000000E+0000
 0.00000000000000E+0000
 0.00000000000000E+0000
 0.00000000000000E+0000
 0.00000000000000E+0000
 0.00000000000000E+0000
 0.00000000000000E+0000
 4.20000000000000E+0001
 0.00000000000000E+0000
 0.00000000000000E+0000
 0.00000000000000E+0000
 0.00000000000000E+0000
 0.00000000000000E+0000
 0.00000000000000E+0000
 0.00000000000000E+0000
 0.00000000000000E+0000
 0.00000000000000E+0000
 0.00000000000000E+0000
 0.00000000000000E+0000
 0.00000000000000E+0000
 0.00000000000000E+0000
 0.00000000000000E+0000
 0.00000000000000E+0000
 0.00000000000000E+0000
 0.00000000000000E+0000
 0.00000000000000E+0000
 0.00000000000000E+0000
 0.00000000000000E+0000
 0.00000000000000E+0000
 0.00000000000000E+0000
 0.00000000000000E+0000
 0.00000000000000E+0000
 0.00000000000000E+0000
 0.00000000000000E+0000
 0.00000000000000E+0000
 0.00000000000000E+0000
 0.00000000000000E+0000
 1.87000000000000E+0002
 0.00000000000000E+0000
 0.00000000000000E+0000
 0.00000000000000E+0000
 0.00000000000000E+0000
 0.00000000000000E+0000
 0.00000000000000E+0000
 0.00000000000000E+0000
 0.00000000000000E+0000
 0.00000000000000E+0000
 0.00000000000000E+0000
 5.10000000000000E+0001
 0.00000000000000E+0000
 0.00000000000000E+0000
 0.00000000000000E+0000
 0.00000000000000E+0000
 0.00000000000000E+0000
 0.00000000000000E+0000
 0.00000000000000E+0000
 0.00000000000000E+0000
 0.00000000000000E+0000
 0.00000000000000E+0000
 0.00000000000000E+0000
 0.00000000000000E+0000
 0.00000000000000E+0000
 0.00000000000000E+0000
 0.00000000000000E+0000
 0.00000000000000E+0000
 0.00000000000000E+0000
 0.00000000000000E+0000
 0.00000000000000E+0000
 0.00000000000000E+0000
 0.00000000000000E+0000
 0.00000000000000E+0000
 0.00000000000000E+0000
 0.00000000000000E+0000
 0.00000000000000E+0000
 0.00000000000000E+0000
 0.00000000000000E+0000
 0.00000000000000E+0000
 0.00000000000000E+0000
 0.00000000000000E+0000
 0.00000000000000E+0000
 0.00000000000000E+0000
 0.00000000000000E+0000
 1.10000000000000E+0002
 0.00000000000000E+0000
 0.00000000000000E+0000
 7.20000000000000E+0001
 0.00000000000000E+0000
 0.00000000000000E+0000
 0.00000000000000E+0000
 0.00000000000000E+0000
 0.00000000000000E+0000
 0.00000000000000E+0000
 0.00000000000000E+0000
 0.00000000000000E+0000
 0.00000000000000E+0000
 0.00000000000000E+0000
 0.00000000000000E+0000
 0.00000000000000E+0000
 0.00000000000000E+0000
 0.00000000000000E+0000
 0.00000000000000E+0000
 0.00000000000000E+0000
 0.00000000000000E+0000
 0.00000000000000E+0000
 0.00000000000000E+0000
 0.00000000000000E+0000
 0.00000000000000E+0000
 0.00000000000000E+0000
 0.00000000000000E+0000
 0.00000000000000E+0000
 0.00000000000000E+0000
 0.00000000000000E+0000
 0.00000000000000E+0000
 0.00000000000000E+0000
 0.00000000000000E+0000
 0.00000000000000E+0000
 0.00000000000000E+0000
 0.00000000000000E+0000
 0.00000000000000E+0000
 0.00000000000000E+0000
 0.00000000000000E+0000
 0.00000000000000E+0000
 7.50000000000000E+0001
 0.00000000000000E+0000
 0.00000000000000E+0000
 0.00000000000000E+0000
 0.00000000000000E+0000
 0.00000000000000E+0000
 0.00000000000000E+0000
 0.00000000000000E+0000
 0.00000000000000E+0000
 0.00000000000000E+0000
 0.00000000000000E+0000
 0.00000000000000E+0000
 0.00000000000000E+0000
 0.00000000000000E+0000
 0.00000000000000E+0000
 0.00000000000000E+0000
 0.00000000000000E+0000
 0.00000000000000E+0000
 0.00000000000000E+0000
 0.00000000000000E+0000
 0.00000000000000E+0000
 0.00000000000000E+0000
 0.00000000000000E+0000
 0.00000000000000E+0000
 0.00000000000000E+0000
 0.00000000000000E+0000
 0.00000000000000E+0000
 0.00000000000000E+0000
 0.00000000000000E+0000
 0.00000000000000E+0000
 0.00000000000000E+0000
 0.00000000000000E+0000
 0.00000000000000E+0000
 0.00000000000000E+0000
 0.00000000000000E+0000
 9.70000000000000E+0001
 0.00000000000000E+0000
 0.00000000000000E+0000
 0.00000000000000E+0000
 0.00000000000000E+0000
 0.00000000000000E+0000
 0.00000000000000E+0000
 0.00000000000000E+0000
 0.00000000000000E+0000
 0.00000000000000E+0000
 0.00000000000000E+0000
 0.00000000000000E+0000
 0.00000000000000E+0000
 0.00000000000000E+0000
 0.00000000000000E+0000
 0.00000000000000E+0000
 0.00000000000000E+0000
 0.00000000000000E+0000
 0.00000000000000E+0000
 0.00000000000000E+0000
 0.00000000000000E+0000
 0.00000000000000E+0000
 0.00000000000000E+0000
 0.00000000000000E+0000
 0.00000000000000E+0000
 0.00000000000000E+0000
 0.00000000000000E+0000
 0.00000000000000E+0000
 0.00000000000000E+0000
 0.00000000000000E+0000
 9.80000000000000E+0001
 0.00000000000000E+0000
 0.00000000000000E+0000
 0.00000000000000E+0000
 0.00000000000000E+0000
 0.00000000000000E+0000
 0.00000000000000E+0000
 0.00000000000000E+0000
 7.10000000000000E+0001
 0.00000000000000E+0000
 0.00000000000000E+0000
 0.00000000000000E+0000
 0.00000000000000E+0000
 0.00000000000000E+0000
 0.00000000000000E+0000
 0.00000000000000E+0000
 0.00000000000000E+0000
 0.00000000000000E+0000
 0.00000000000000E+0000
 0.00000000000000E+0000
 0.00000000000000E+0000
 0.00000000000000E+0000
 0.00000000000000E+0000
 0.00000000000000E+0000
 0.00000000000000E+0000
 0.00000000000000E+0000
 0.00000000000000E+0000
 0.00000000000000E+0000
 0.00000000000000E+0000
 0.00000000000000E+0000
 0.00000000000000E+0000
 0.00000000000000E+0000
 0.00000000000000E+0000
 9.70000000000000E+0001
 0.00000000000000E+0000
 0.00000000000000E+0000
 0.00000000000000E+0000
 0.00000000000000E+0000
 0.00000000000000E+0000
 7.15000000000000E+0001
 0.00000000000000E+0000
 0.00000000000000E+0000
 0.00000000000000E+0000
 0.00000000000000E+0000
 0.00000000000000E+0000
 0.00000000000000E+0000
 0.00000000000000E+0000
 0.00000000000000E+0000
 0.00000000000000E+0000
 0.00000000000000E+0000
 0.00000000000000E+0000
 0.00000000000000E+0000
 0.00000000000000E+0000
 0.00000000000000E+0000
 0.00000000000000E+0000
 0.00000000000000E+0000
 0.00000000000000E+0000
 0.00000000000000E+0000
 0.00000000000000E+0000
 0.00000000000000E+0000
 0.00000000000000E+0000
 0.00000000000000E+0000
 0.00000000000000E+0000
 0.00000000000000E+0000
 0.00000000000000E+0000
 0.00000000000000E+0000
 0.00000000000000E+0000
 0.00000000000000E+0000
 0.00000000000000E+0000
 0.00000000000000E+0000
 0.00000000000000E+0000
 0.00000000000000E+0000
 0.00000000000000E+0000
 0.00000000000000E+0000
 0.00000000000000E+0000
 0.00000000000000E+0000
 0.00000000000000E+0000
 0.00000000000000E+0000
 0.00000000000000E+0000
 0.00000000000000E+0000
 0.00000000000000E+0000
 0.00000000000000E+0000
 0.00000000000000E+0000
 0.00000000000000E+0000
 0.00000000000000E+0000
 0.00000000000000E+0000
 0.00000000000000E+0000
 0.00000000000000E+0000
 0.00000000000000E+0000
 0.00000000000000E+0000
 0.00000000000000E+0000
 0.00000000000000E+0000
 0.00000000000000E+0000
 0.00000000000000E+0000
 0.00000000000000E+0000
 0.00000000000000E+0000
 7.40000000000000E+0001
 0.00000000000000E+0000
 0.00000000000000E+0000
 0.00000000000000E+0000
 0.00000000000000E+0000
 0.00000000000000E+0000
 0.00000000000000E+0000
 0.00000000000000E+0000
 0.00000000000000E+0000
 0.00000000000000E+0000
 0.00000000000000E+0000
 0.00000000000000E+0000
 0.00000000000000E+0000
 0.00000000000000E+0000
 0.00000000000000E+0000
 0.00000000000000E+0000
 0.00000000000000E+0000
 0.00000000000000E+0000
 0.00000000000000E+0000
 0.00000000000000E+0000
 0.00000000000000E+0000
 0.00000000000000E+0000
 0.00000000000000E+0000
 0.00000000000000E+0000
 0.00000000000000E+0000
 0.00000000000000E+0000
 0.00000000000000E+0000
 0.00000000000000E+0000
 0.00000000000000E+0000
 0.00000000000000E+0000
 8.80000000000000E+0001
 7.50000000000000E+0001
 0.00000000000000E+0000
 0.00000000000000E+0000
 0.00000000000000E+0000
 0.00000000000000E+0000
 0.00000000000000E+0000
 0.00000000000000E+0000
 0.00000000000000E+0000
 0.00000000000000E+0000
 0.00000000000000E+0000
 0.00000000000000E+0000
 0.00000000000000E+0000
 0.00000000000000E+0000
 0.00000000000000E+0000
 0.00000000000000E+0000
 0.00000000000000E+0000
 0.00000000000000E+0000
 0.00000000000000E+0000
 0.00000000000000E+0000
 0.00000000000000E+0000
 0.00000000000000E+0000
 0.00000000000000E+0000
 0.00000000000000E+0000
 0.00000000000000E+0000
 0.00000000000000E+0000
 0.00000000000000E+0000
 0.00000000000000E+0000
 0.00000000000000E+0000
 0.00000000000000E+0000
 0.00000000000000E+0000
 0.00000000000000E+0000
 0.00000000000000E+0000
 0.00000000000000E+0000
 0.00000000000000E+0000
 0.00000000000000E+0000
 0.00000000000000E+0000
 0.00000000000000E+0000
 0.00000000000000E+0000
 0.00000000000000E+0000
 0.00000000000000E+0000
 0.00000000000000E+0000
 0.00000000000000E+0000
 0.00000000000000E+0000
 0.00000000000000E+0000
 0.00000000000000E+0000
 0.00000000000000E+0000
 0.00000000000000E+0000
 0.00000000000000E+0000
 0.00000000000000E+0000
 0.00000000000000E+0000
 0.00000000000000E+0000
 0.00000000000000E+0000
 0.00000000000000E+0000
 0.00000000000000E+0000
 0.00000000000000E+0000
 0.00000000000000E+0000
 9.00000000000000E+0001
 0.00000000000000E+0000
 0.00000000000000E+0000
 0.00000000000000E+0000
 0.00000000000000E+0000
 0.00000000000000E+0000
 0.00000000000000E+0000
 0.00000000000000E+0000
 0.00000000000000E+0000
 0.00000000000000E+0000
 0.00000000000000E+0000
 0.00000000000000E+0000
 0.00000000000000E+0000
 0.00000000000000E+0000
 0.00000000000000E+0000
 0.00000000000000E+0000
 0.00000000000000E+0000
 0.00000000000000E+0000
 0.00000000000000E+0000
 0.00000000000000E+0000
 0.00000000000000E+0000
 0.00000000000000E+0000
 0.00000000000000E+0000
 0.00000000000000E+0000
 0.00000000000000E+0000
 0.00000000000000E+0000
 0.00000000000000E+0000
 1.31000000000000E+0002
 0.00000000000000E+0000
 0.00000000000000E+0000
 0.00000000000000E+0000
 0.00000000000000E+0000
 8.35000000000000E+0001
 0.00000000000000E+0000
 0.00000000000000E+0000
 0.00000000000000E+0000
 0.00000000000000E+0000
 0.00000000000000E+0000
 0.00000000000000E+0000
 0.00000000000000E+0000
 0.00000000000000E+0000
 0.00000000000000E+0000
 0.00000000000000E+0000
 0.00000000000000E+0000
 0.00000000000000E+0000
 0.00000000000000E+0000
 0.00000000000000E+0000
 0.00000000000000E+0000
 0.00000000000000E+0000
 0.00000000000000E+0000
 0.00000000000000E+0000
 0.00000000000000E+0000
 0.00000000000000E+0000
 9.90000000000000E+0001
 0.00000000000000E+0000
 0.00000000000000E+0000
 0.00000000000000E+0000
 0.00000000000000E+0000
 1.39000000000000E+0002
 0.00000000000000E+0000
 0.00000000000000E+0000
 0.00000000000000E+0000
 0.00000000000000E+0000
 0.00000000000000E+0000
 0.00000000000000E+0000
 0.00000000000000E+0000
 0.00000000000000E+0000
 0.00000000000000E+0000
 0.00000000000000E+0000
 0.00000000000000E+0000
 0.00000000000000E+0000
 0.00000000000000E+0000
 0.00000000000000E+0000
 0.00000000000000E+0000
 0.00000000000000E+0000
 0.00000000000000E+0000
 0.00000000000000E+0000
 0.00000000000000E+0000
 8.90000000000000E+0001
 0.00000000000000E+0000
 0.00000000000000E+0000
 0.00000000000000E+0000
 0.00000000000000E+0000
 0.00000000000000E+0000
 0.00000000000000E+0000
 0.00000000000000E+0000
 0.00000000000000E+0000
 0.00000000000000E+0000
 0.00000000000000E+0000
 0.00000000000000E+0000
 0.00000000000000E+0000
 0.00000000000000E+0000
 0.00000000000000E+0000
 0.00000000000000E+0000
 0.00000000000000E+0000
 0.00000000000000E+0000
 0.00000000000000E+0000
 0.00000000000000E+0000
 0.00000000000000E+0000
 0.00000000000000E+0000
 0.00000000000000E+0000
 0.00000000000000E+0000
 8.30000000000000E+0001
 0.00000000000000E+0000
 0.00000000000000E+0000
 0.00000000000000E+0000
 0.00000000000000E+0000
 0.00000000000000E+0000
 0.00000000000000E+0000
 0.00000000000000E+0000
 0.00000000000000E+0000
 0.00000000000000E+0000
 0.00000000000000E+0000
 0.00000000000000E+0000
 0.00000000000000E+0000
 0.00000000000000E+0000
 0.00000000000000E+0000
 0.00000000000000E+0000
 0.00000000000000E+0000
 0.00000000000000E+0000
 0.00000000000000E+0000
 0.00000000000000E+0000
 0.00000000000000E+0000
 0.00000000000000E+0000
 0.00000000000000E+0000
 4.40000000000000E+0001
 0.00000000000000E+0000
 0.00000000000000E+0000
 0.00000000000000E+0000
 5.90000000000000E+0001
 0.00000000000000E+0000
 0.00000000000000E+0000
 0.00000000000000E+0000
 0.00000000000000E+0000
 0.00000000000000E+0000
 0.00000000000000E+0000
 0.00000000000000E+0000
 0.00000000000000E+0000
 0.00000000000000E+0000
 0.00000000000000E+0000
 0.00000000000000E+0000
 0.00000000000000E+0000
 0.00000000000000E+0000
 0.00000000000000E+0000
 0.00000000000000E+0000
 0.00000000000000E+0000
 0.00000000000000E+0000
 0.00000000000000E+0000
 0.00000000000000E+0000
 0.00000000000000E+0000
 0.00000000000000E+0000
 0.00000000000000E+0000
 0.00000000000000E+0000
 0.00000000000000E+0000
 0.00000000000000E+0000
 0.00000000000000E+0000
 0.00000000000000E+0000
 0.00000000000000E+0000
 0.00000000000000E+0000
 0.00000000000000E+0000
 0.00000000000000E+0000
 0.00000000000000E+0000
 0.00000000000000E+0000
 0.00000000000000E+0000
 0.00000000000000E+0000
 0.00000000000000E+0000
 0.00000000000000E+0000
 0.00000000000000E+0000
 0.00000000000000E+0000
 0.00000000000000E+0000
 0.00000000000000E+0000
 0.00000000000000E+0000
 0.00000000000000E+0000
 0.00000000000000E+0000
 0.00000000000000E+0000
 0.00000000000000E+0000
 0.00000000000000E+0000
 0.00000000000000E+0000
 0.00000000000000E+0000
 0.00000000000000E+0000
 0.00000000000000E+0000
 0.00000000000000E+0000
 0.00000000000000E+0000
 0.00000000000000E+0000
 0.00000000000000E+0000
 0.00000000000000E+0000
 0.00000000000000E+0000
 0.00000000000000E+0000
 5.65000000000000E+0001
 1.07500000000000E+0002
 0.00000000000000E+0000
 0.00000000000000E+0000
 0.00000000000000E+0000
 0.00000000000000E+0000
 0.00000000000000E+0000
 0.00000000000000E+0000
 0.00000000000000E+0000
 0.00000000000000E+0000
 0.00000000000000E+0000
 0.00000000000000E+0000
 0.00000000000000E+0000
 0.00000000000000E+0000
 0.00000000000000E+0000
 0.00000000000000E+0000
 0.00000000000000E+0000
 0.00000000000000E+0000
 0.00000000000000E+0000
 0.00000000000000E+0000
 0.00000000000000E+0000
 0.00000000000000E+0000
 0.00000000000000E+0000
 0.00000000000000E+0000
 0.00000000000000E+0000
 0.00000000000000E+0000
 0.00000000000000E+0000
 0.00000000000000E+0000
 0.00000000000000E+0000
 0.00000000000000E+0000
 0.00000000000000E+0000
 0.00000000000000E+0000
 0.00000000000000E+0000
 0.00000000000000E+0000
 0.00000000000000E+0000
 0.00000000000000E+0000
 0.00000000000000E+0000
 1.23000000000000E+0002
 1.67500000000000E+0002
 0.00000000000000E+0000
 0.00000000000000E+0000
 0.00000000000000E+0000
 0.00000000000000E+0000
 0.00000000000000E+0000
 0.00000000000000E+0000
 0.00000000000000E+0000
 0.00000000000000E+0000
 0.00000000000000E+0000
 0.00000000000000E+0000
 0.00000000000000E+0000
 0.00000000000000E+0000
 0.00000000000000E+0000
 0.00000000000000E+0000
 0.00000000000000E+0000
 0.00000000000000E+0000
 7.20000000000000E+0001
 0.00000000000000E+0000
 0.00000000000000E+0000
 9.10000000000000E+0001
 0.00000000000000E+0000
 0.00000000000000E+0000
 0.00000000000000E+0000
 0.00000000000000E+0000
 0.00000000000000E+0000
 0.00000000000000E+0000
 0.00000000000000E+0000
 0.00000000000000E+0000
 0.00000000000000E+0000
 0.00000000000000E+0000
 0.00000000000000E+0000
 9.05000000000000E+0001
 0.00000000000000E+0000
 0.00000000000000E+0000
 0.00000000000000E+0000
 0.00000000000000E+0000
 0.00000000000000E+0000
 0.00000000000000E+0000
 0.00000000000000E+0000
 0.00000000000000E+0000
 0.00000000000000E+0000
 0.00000000000000E+0000
 0.00000000000000E+0000
 0.00000000000000E+0000
 0.00000000000000E+0000
 0.00000000000000E+0000
 2.19000000000000E+0002
 0.00000000000000E+0000
 0.00000000000000E+0000
 0.00000000000000E+0000
 0.00000000000000E+0000
 0.00000000000000E+0000
 0.00000000000000E+0000
 0.00000000000000E+0000
 0.00000000000000E+0000
 0.00000000000000E+0000
 0.00000000000000E+0000
 0.00000000000000E+0000
 0.00000000000000E+0000
 0.00000000000000E+0000
 0.00000000000000E+0000
 0.00000000000000E+0000
 0.00000000000000E+0000
 0.00000000000000E+0000
 0.00000000000000E+0000
 0.00000000000000E+0000
 0.00000000000000E+0000
 0.00000000000000E+0000
 0.00000000000000E+0000
 0.00000000000000E+0000
 0.00000000000000E+0000
 0.00000000000000E+0000
 0.00000000000000E+0000
 6.85000000000000E+0001
 1.73000000000000E+0002
 0.00000000000000E+0000
 0.00000000000000E+0000
 0.00000000000000E+0000
 0.00000000000000E+0000
 0.00000000000000E+0000
 0.00000000000000E+0000
 0.00000000000000E+0000
 0.00000000000000E+0000
 0.00000000000000E+0000
 0.00000000000000E+0000
 0.00000000000000E+0000
 1.61500000000000E+0002
 0.00000000000000E+0000
 0.00000000000000E+0000
 0.00000000000000E+0000
 0.00000000000000E+0000
 0.00000000000000E+0000
 0.00000000000000E+0000
 0.00000000000000E+0000
 0.00000000000000E+0000
 0.00000000000000E+0000
 7.05000000000000E+0001
 0.00000000000000E+0000
 0.00000000000000E+0000
 0.00000000000000E+0000
 0.00000000000000E+0000
 0.00000000000000E+0000
 0.00000000000000E+0000
 0.00000000000000E+0000
 0.00000000000000E+0000
 0.00000000000000E+0000
 6.60000000000000E+0001
 0.00000000000000E+0000
 0.00000000000000E+0000
 0.00000000000000E+0000
 0.00000000000000E+0000
 0.00000000000000E+0000
 0.00000000000000E+0000
 0.00000000000000E+0000
 0.00000000000000E+0000
 1.65500000000000E+0002
 0.00000000000000E+0000
 1.86000000000000E+0002
 0.00000000000000E+0000
 0.00000000000000E+0000
 0.00000000000000E+0000
 0.00000000000000E+0000
 0.00000000000000E+0000
 2.29000000000000E+0002
 0.00000000000000E+0000
 0.00000000000000E+0000
 0.00000000000000E+0000
 0.00000000000000E+0000
 0.00000000000000E+0000
 0.00000000000000E+0000
 1.70000000000000E+0002
 1.46000000000000E+0002
 0.00000000000000E+0000
 0.00000000000000E+0000
 0.00000000000000E+0000
 0.00000000000000E+0000
 0.00000000000000E+0000
 1.28000000000000E+0002
 0.00000000000000E+0000
 0.00000000000000E+0000
 0.00000000000000E+0000
 0.00000000000000E+0000
 1.52000000000000E+0002
 0.00000000000000E+0000
 0.00000000000000E+0000
 1.21000000000000E+0002
 1.54000000000000E+0002
 0.00000000000000E+0000
 0.00000000000000E+0000
 0.00000000000000E+0000
 2.09500000000000E+0002
[alfa]
 5.00000000000000E-0001
[beta]
 2.00000000000000E+0000
[Posisi titik]
29 353
77 378
27 317
105 348
62 315
102 311
139 385
152 307
223 352
179 350
250 392
349 382
411 369
470 364
334 335
220 309
249 281
216 278
182 274
215 248
182 244
245 221
211 220
145 247
69 249
41 250
208 189
145 190
105 192
67 192
41 194
9 178
41 155
96 150
140 150
201 157
282 157
201 119
170 116
91 86
131 80
127 49
197 80
258 78
190 44
285 44
331 9
349 48
327 95
405 88
380 131
355 171
352 235
405 255
418 204
476 261
467 211
502 211
482 160
474 109
14 0
