[Banyak titik]
8
[Bobot sisi]
 5.00000000000000E+0001
 5.00000000000000E+0001
 5.00000000000000E+0001
 1.00000000000000E+0002
 7.50000000000000E+0001
 5.00000000000000E+0001
 1.50000000000000E+0002
 5.00000000000000E+0002
 2.40000000000000E+0002
 3.50000000000000E+0002
 3.50000000000000E+0002
 3.50000000000000E+0002
 6.00000000000000E+0002
 6.50000000000000E+0002
 3.50000000000000E+0002
 3.50000000000000E+0002
 3.00000000000000E+0002
 6.50000000000000E+0002
 3.00000000000000E+0002
 3.50000000000000E+0002
 3.50000000000000E+0002
 7.00000000000000E+0002
 2.30000000000000E+0001
 3.80000000000000E+0001
 8.00000000000000E+0002
 1.50000000000000E+0001
 8.50000000000000E+0002
 8.50000000000000E+0002
[alfa]
 5.00000000000000E-0001
[beta]
 2.00000000000000E+0000
[Posisi titik]
55 185
139 96
278 48
428 102
135 311
300 372
451 321
496 194
26 1
